tempo de execucao(s): 1.421115447833156E9
obj = 0.00274658203125
x[0][0] :0.0
x[0][1] :0.0
x[0][2] :0.0
x[0][3] :1.0
x[0][4] :0.0
x[0][5] :0.0
x[1][0] :0.0
x[1][1] :0.0
x[1][2] :0.0
x[1][3] :0.0
x[1][4] :0.0
x[1][5] :1.0
x[2][0] :0.0
x[2][1] :1.0
x[2][2] :0.0
x[2][3] :0.0
x[2][4] :0.0
x[2][5] :0.0
x[3][0] :0.0
x[3][1] :0.0
x[3][2] :1.0
x[3][3] :0.0
x[3][4] :0.0
x[3][5] :0.0
x[4][0] :0.0
x[4][1] :0.0
x[4][2] :0.0
x[4][3] :1.0
x[4][4] :0.0
x[4][5] :0.0
x[5][0] :1.0
x[5][1] :0.0
x[5][2] :0.0
x[5][3] :0.0
x[5][4] :0.0
x[5][5] :0.0
x[6][0] :0.0
x[6][1] :0.0
x[6][2] :0.0
x[6][3] :1.0
x[6][4] :0.0
x[6][5] :0.0
x[7][0] :0.0
x[7][1] :1.0
x[7][2] :0.0
x[7][3] :0.0
x[7][4] :0.0
x[7][5] :0.0
x[8][0] :0.0
x[8][1] :0.0
x[8][2] :0.0
x[8][3] :1.0
x[8][4] :0.0
x[8][5] :0.0
x[9][0] :0.0
x[9][1] :0.0
x[9][2] :1.0
x[9][3] :0.0
x[9][4] :0.0
x[9][5] :0.0
x[10][0] :0.0
x[10][1] :0.0
x[10][2] :1.0
x[10][3] :0.0
x[10][4] :0.0
x[10][5] :0.0
x[11][0] :0.0
x[11][1] :0.0
x[11][2] :0.0
x[11][3] :0.0
x[11][4] :1.0
x[11][5] :0.0
x[12][0] :0.0
x[12][1] :0.0
x[12][2] :0.0
x[12][3] :0.0
x[12][4] :1.0
x[12][5] :0.0
x[13][0] :0.0
x[13][1] :0.0
x[13][2] :0.0
x[13][3] :0.0
x[13][4] :0.0
x[13][5] :1.0
