tempo de execucao(s): 1.421110383145155E9
obj = 0.010986328125
x[0][0] :1.0
x[0][1] :0.0
x[1][0] :0.0
x[1][1] :1.0
x[2][0] :1.0
x[2][1] :0.0
x[3][0] :0.0
x[3][1] :1.0
x[4][0] :1.0
x[4][1] :0.0
x[5][0] :1.0
x[5][1] :0.0
x[6][0] :0.0
x[6][1] :1.0
x[7][0] :0.0
x[7][1] :1.0
x[8][0] :1.0
x[8][1] :0.0
x[9][0] :1.0
x[9][1] :0.0
x[10][0] :0.0
x[10][1] :1.0
