tempo de execucao(s): 1.421107692812248E9
obj = 0.00274658203125
x[0][0] :0.0
x[0][1] :1.0
x[0][2] :0.0
x[0][3] :0.0
x[0][4] :0.0
x[0][5] :-0.0
x[1][0] :0.0
x[1][1] :0.0
x[1][2] :-0.0
x[1][3] :0.0
x[1][4] :0.0
x[1][5] :1.0
x[2][0] :1.0
x[2][1] :0.0
x[2][2] :0.0
x[2][3] :0.0
x[2][4] :0.0
x[2][5] :0.0
x[3][0] :0.0
x[3][1] :0.0
x[3][2] :1.0
x[3][3] :0.0
x[3][4] :0.0
x[3][5] :0.0
x[4][0] :0.0
x[4][1] :0.0
x[4][2] :0.0
x[4][3] :0.0
x[4][4] :1.0
x[4][5] :0.0
x[5][0] :0.0
x[5][1] :0.0
x[5][2] :1.0
x[5][3] :0.0
x[5][4] :0.0
x[5][5] :0.0
x[6][0] :0.0
x[6][1] :0.0
x[6][2] :1.0
x[6][3] :0.0
x[6][4] :0.0
x[6][5] :0.0
x[7][0] :0.0
x[7][1] :0.0
x[7][2] :0.0
x[7][3] :0.0
x[7][4] :0.0
x[7][5] :1.0
x[8][0] :0.0
x[8][1] :0.0
x[8][2] :0.0
x[8][3] :0.0
x[8][4] :0.0
x[8][5] :1.0
x[9][0] :0.0
x[9][1] :0.0
x[9][2] :0.0
x[9][3] :0.0
x[9][4] :1.0
x[9][5] :0.0
x[10][0] :0.0
x[10][1] :1.0
x[10][2] :0.0
x[10][3] :0.0
x[10][4] :0.0
x[10][5] :0.0
x[11][0] :0.0
x[11][1] :0.0
x[11][2] :0.0
x[11][3] :0.0
x[11][4] :1.0
x[11][5] :0.0
x[12][0] :0.0
x[12][1] :0.0
x[12][2] :0.0
x[12][3] :0.0
x[12][4] :0.0
x[12][5] :1.0
x[13][0] :0.0
x[13][1] :0.0
x[13][2] :0.0
x[13][3] :1.0
x[13][4] :0.0
x[13][5] :0.0
x[14][0] :0.0
x[14][1] :0.0
x[14][2] :0.0
x[14][3] :1.0
x[14][4] :0.0
x[14][5] :0.0
x[15][0] :0.0
x[15][1] :0.0
x[15][2] :0.0
x[15][3] :1.0
x[15][4] :0.0
x[15][5] :0.0
x[16][0] :1.0
x[16][1] :0.0
x[16][2] :0.0
x[16][3] :0.0
x[16][4] :0.0
x[16][5] :0.0
x[17][0] :0.0
x[17][1] :0.0
x[17][2] :0.0
x[17][3] :0.0
x[17][4] :0.0
x[17][5] :1.0
x[18][0] :0.0
x[18][1] :0.0
x[18][2] :0.0
x[18][3] :1.0
x[18][4] :0.0
x[18][5] :0.0
x[19][0] :0.0
x[19][1] :0.0
x[19][2] :0.0
x[19][3] :1.0
x[19][4] :0.0
x[19][5] :0.0
x[20][0] :1.0
x[20][1] :0.0
x[20][2] :0.0
x[20][3] :0.0
x[20][4] :0.0
x[20][5] :0.0
x[21][0] :0.0
x[21][1] :1.0
x[21][2] :0.0
x[21][3] :0.0
x[21][4] :0.0
x[21][5] :0.0
x[22][0] :0.0
x[22][1] :1.0
x[22][2] :0.0
x[22][3] :0.0
x[22][4] :0.0
x[22][5] :0.0
