tempo de execucao(s): 1.421115447841107E9
obj = 0.0067138671875
x[0][0] :1.0
x[0][1] :0.0
x[1][0] :1.0
x[1][1] :0.0
x[2][0] :0.0
x[2][1] :1.0
x[3][0] :0.0
x[3][1] :1.0
x[4][0] :1.0
x[4][1] :0.0
x[5][0] :0.0
x[5][1] :1.0
x[6][0] :0.0
x[6][1] :1.0
x[7][0] :1.0
x[7][1] :0.0
