tempo de execucao(s): 1.421115583956563E9
obj = 0.0043487548828125
x[0][0] :0.0
x[0][1] :-0.0
x[0][2] :0.0
x[0][3] :-0.0
x[0][4] :1.0
x[1][0] :1.0
x[1][1] :-0.0
x[1][2] :0.0
x[1][3] :-0.0
x[1][4] :-0.0
x[2][0] :0.0
x[2][1] :1.0
x[2][2] :0.0
x[2][3] :0.0
x[2][4] :0.0
x[3][0] :0.0
x[3][1] :-0.0
x[3][2] :0.0
x[3][3] :-0.0
x[3][4] :1.0
x[4][0] :-0.0
x[4][1] :-0.0
x[4][2] :1.0
x[4][3] :0.0
x[4][4] :-0.0
x[5][0] :-0.0
x[5][1] :-0.0
x[5][2] :1.0
x[5][3] :0.0
x[5][4] :-0.0
x[6][0] :0.0
x[6][1] :-0.0
x[6][2] :0.0
x[6][3] :-0.0
x[6][4] :1.0
x[7][0] :0.0
x[7][1] :0.0
x[7][2] :0.0
x[7][3] :1.0
x[7][4] :-0.0
x[8][0] :0.0
x[8][1] :-0.0
x[8][2] :0.0
x[8][3] :1.0
x[8][4] :0.0
x[9][0] :0.0
x[9][1] :-0.0
x[9][2] :1.0
x[9][3] :-0.0
x[9][4] :-0.0
x[10][0] :0.0
x[10][1] :0.0
x[10][2] :0.0
x[10][3] :1.0
x[10][4] :0.0
x[11][0] :-0.0
x[11][1] :0.0
x[11][2] :1.0
x[11][3] :0.0
x[11][4] :-0.0
x[12][0] :0.0
x[12][1] :0.0
x[12][2] :1.0
x[12][3] :0.0
x[12][4] :0.0
x[13][0] :0.0
x[13][1] :0.0
x[13][2] :-0.0
x[13][3] :1.0
x[13][4] :-0.0
x[14][0] :1.0
x[14][1] :-0.0
x[14][2] :-0.0
x[14][3] :-0.0
x[14][4] :-0.0
x[15][0] :0.0
x[15][1] :-0.0
x[15][2] :1.0
x[15][3] :-0.0
x[15][4] :-0.0
x[16][0] :-0.0
x[16][1] :-0.0
x[16][2] :-0.0
x[16][3] :1.0
x[16][4] :-0.0
x[17][0] :0.0
x[17][1] :-0.0
x[17][2] :0.0
x[17][3] :1.0
x[17][4] :0.0
x[18][0] :1.0
x[18][1] :-0.0
x[18][2] :0.0
x[18][3] :0.0
x[18][4] :-0.0
x[19][0] :1.0
x[19][1] :0.0
x[19][2] :0.0
x[19][3] :0.0
x[19][4] :-0.0
x[20][0] :0.0
x[20][1] :-0.0
x[20][2] :0.0
x[20][3] :-0.0
x[20][4] :1.0
x[21][0] :0.0
x[21][1] :-0.0
x[21][2] :0.0
x[21][3] :0.0
x[21][4] :1.0
x[22][0] :0.0
x[22][1] :0.0
x[22][2] :1.0
x[22][3] :0.0
x[22][4] :-0.0
x[23][0] :0.0
x[23][1] :1.0
x[23][2] :0.0
x[23][3] :-0.0
x[23][4] :-0.0
x[24][0] :1.0
x[24][1] :-0.0
x[24][2] :-0.0
x[24][3] :0.0
x[24][4] :-0.0
x[25][0] :0.0
x[25][1] :-0.0
x[25][2] :0.0
x[25][3] :-0.0
x[25][4] :1.0
x[26][0] :1.0
x[26][1] :-0.0
x[26][2] :-0.0
x[26][3] :-0.0
x[26][4] :-0.0
x[27][0] :0.0
x[27][1] :1.0
x[27][2] :-0.0
x[27][3] :0.0
x[27][4] :-0.0
x[28][0] :0.0
x[28][1] :0.0
x[28][2] :0.0
x[28][3] :1.0
x[28][4] :-0.0
x[29][0] :0.0
x[29][1] :-0.0
x[29][2] :0.0
x[29][3] :-0.0
x[29][4] :1.0
x[30][0] :0.0
x[30][1] :1.0
x[30][2] :0.0
x[30][3] :0.0
x[30][4] :-0.0
