tempo de execucao(s): 1.421107689379514E9
obj = 0.0044439687265625
x[0][0] :0.0
x[0][1] :0.0
x[0][2] :1.0
x[1][0] :0.0
x[1][1] :0.0
x[1][2] :1.0
x[2][0] :0.0
x[2][1] :0.0
x[2][2] :1.0
x[3][0] :4.096000000117783E-7
x[3][1] :0.0
x[3][2] :0.9999995904
x[4][0] :0.0
x[4][1] :0.0
x[4][2] :1.0
x[5][0] :0.0
x[5][1] :1.0
x[5][2] :0.0
x[6][0] :0.0
x[6][1] :1.0
x[6][2] :0.0
x[7][0] :0.0
x[7][1] :1.0
x[7][2] :-0.0
x[8][0] :1.0
x[8][1] :0.0
x[8][2] :0.0
x[9][0] :1.0
x[9][1] :0.0
x[9][2] :0.0
x[10][0] :0.0
x[10][1] :1.0
x[10][2] :0.0
x[11][0] :0.0
x[11][1] :1.0
x[11][2] :0.0
x[12][0] :0.0
x[12][1] :1.0
x[12][2] :0.0
x[13][0] :-4.096000000117783E-7
x[13][1] :1.0000004096
x[13][2] :0.0
x[14][0] :0.0
x[14][1] :0.0
x[14][2] :1.0
x[15][0] :1.0
x[15][1] :0.0
x[15][2] :0.0
x[16][0] :1.0
x[16][1] :0.0
x[16][2] :0.0
x[17][0] :1.0
x[17][1] :0.0
x[17][2] :-0.0
x[18][0] :1.0
x[18][1] :0.0
x[18][2] :0.0
x[19][0] :1.0
x[19][1] :0.0
x[19][2] :0.0
