tempo de execucao(s): 1.421108970588441E9
obj = 0.0037384033203125
x[0][0] :0.0
x[0][1] :0.0
x[0][2] :1.0
x[1][0] :1.0
x[1][1] :0.0
x[1][2] :0.0
x[2][0] :1.0
x[2][1] :0.0
x[2][2] :0.0
x[3][0] :0.0
x[3][1] :0.0
x[3][2] :1.0
x[4][0] :0.0
x[4][1] :1.0
x[4][2] :0.0
x[5][0] :0.0
x[5][1] :0.0
x[5][2] :1.0
x[6][0] :0.0
x[6][1] :0.0
x[6][2] :1.0
x[7][0] :0.0
x[7][1] :0.0
x[7][2] :1.0
x[8][0] :0.0
x[8][1] :1.0
x[8][2] :0.0
x[9][0] :0.0
x[9][1] :1.0
x[9][2] :0.0
x[10][0] :1.0
x[10][1] :0.0
x[10][2] :0.0
x[11][0] :1.0
x[11][1] :0.0
x[11][2] :0.0
x[12][0] :1.0
x[12][1] :0.0
x[12][2] :0.0
